ts,open,high,low,close,volume
2025-04-21T13:30:00Z,193.270004272461,193.800003051758,189.809997558594,193.160003662109,46742500
2025-04-22T13:30:00Z,196.119995117188,201.589996337891,195.970001220703,199.740005493164,52976400
2025-04-23T13:30:00Z,206,208,202.800003051758,204.600006103516,52929200
2025-04-24T13:30:00Z,204.889999389648,208.830001831055,202.940002441406,208.369995117188,47311000
2025-04-25T13:30:00Z,206.369995117188,209.75,206.199996948242,209.279998779297,38222300
2025-04-28T13:30:00Z,210,211.5,207.460006713867,210.139999389648,38743100
2025-04-29T13:30:00Z,208.690002441406,212.240005493164,208.369995117188,211.210006713867,36827600
2025-04-30T13:30:00Z,209.300003051758,213.580001831055,206.669998168945,212.5,52286500
2025-05-01T13:30:00Z,209.080001831055,214.559997558594,208.899993896484,213.320007324219,57365700
2025-05-02T13:30:00Z,206.089996337891,206.990005493164,202.160003662109,205.350006103516,101010600
2025-05-05T13:30:00Z,203.100006103516,204.100006103516,198.210006713867,198.889999389648,69018500
2025-05-06T13:30:00Z,198.210006713867,200.649993896484,197.020004272461,198.509994506836,51216500
2025-05-07T13:30:00Z,199.169998168945,199.440002441406,193.25,196.25,68536700
2025-05-08T13:30:00Z,197.720001220703,200.050003051758,194.679992675781,197.490005493164,50478900
2025-05-09T13:30:00Z,199,200.539993286133,197.539993286133,198.529998779297,36453900
2025-05-12T13:30:00Z,210.970001220703,211.270004272461,206.75,210.789993286133,63775800
2025-05-13T13:30:00Z,210.429992675781,213.399993896484,209,212.929992675781,51909300
2025-05-14T13:30:00Z,212.429992675781,213.940002441406,210.580001831055,212.330001831055,49325800
2025-05-15T13:30:00Z,210.949996948242,212.960006713867,209.539993286133,211.449996948242,45029500
2025-05-16T13:30:00Z,212.360000610352,212.570007324219,209.770004272461,211.259994506836,54737900
2025-05-19T13:30:00Z,207.910003662109,209.479995727539,204.259994506836,208.779998779297,46140500
2025-05-20T13:30:00Z,207.669998168945,208.470001220703,205.029998779297,206.860000610352,42496600
2025-05-21T13:30:00Z,205.169998168945,207.039993286133,200.710006713867,202.089996337891,59211800
2025-05-22T13:30:00Z,200.710006713867,202.75,199.699996948242,201.360000610352,46742400
2025-05-23T13:30:00Z,193.669998168945,197.699996948242,193.460006713867,195.270004272461,78432900
2025-05-27T13:30:00Z,198.300003051758,200.740005493164,197.429992675781,200.210006713867,56288500
2025-05-28T13:30:00Z,200.589996337891,202.729995727539,199.899993896484,200.419998168945,45339700
2025-05-29T13:30:00Z,203.580001831055,203.809997558594,198.509994506836,199.949996948242,51396800
2025-05-30T13:30:00Z,199.369995117188,201.960006713867,196.779998779297,200.850006103516,70819900
2025-06-02T13:30:00Z,200.279998779297,202.130004882813,200.119995117188,201.699996948242,35423300
2025-06-03T13:30:00Z,201.350006103516,203.770004272461,200.960006713867,203.270004272461,46381600
2025-06-04T13:30:00Z,202.910003662109,206.240005493164,202.100006103516,202.820007324219,43604000
2025-06-05T13:30:00Z,203.5,204.75,200.149993896484,200.630004882813,55126100
2025-06-06T13:30:00Z,203,205.699996948242,202.050003051758,203.919998168945,46607700
2025-06-09T13:30:00Z,204.389999389648,206,200.020004272461,201.449996948242,72862600
2025-06-10T13:30:00Z,200.600006103516,204.350006103516,200.570007324219,202.669998168945,54672600
2025-06-11T13:30:00Z,203.5,204.5,198.410003662109,198.779998779297,60989900
2025-06-12T13:30:00Z,199.080001831055,199.679992675781,197.360000610352,199.199996948242,43904600
2025-06-13T13:30:00Z,199.729995727539,200.369995117188,195.699996948242,196.449996948242,51447300
2025-06-16T13:30:00Z,197.300003051758,198.690002441406,196.559997558594,198.419998168945,43020700
2025-06-17T13:30:00Z,197.199996948242,198.389999389648,195.210006713867,195.639999389648,38856200
2025-06-18T13:30:00Z,195.940002441406,197.570007324219,195.070007324219,196.580001831055,45394700
2025-06-20T13:30:00Z,198.240005493164,201.699996948242,196.860000610352,201,96813500
2025-06-23T13:30:00Z,201.630004882813,202.300003051758,198.960006713867,201.5,55814300
2025-06-24T13:30:00Z,202.589996337891,203.440002441406,200.199996948242,200.300003051758,54064000
2025-06-25T13:30:00Z,201.449996948242,203.669998168945,200.619995117188,201.559997558594,39525700
2025-06-26T13:30:00Z,201.429992675781,202.639999389648,199.460006713867,201,50799100
2025-06-27T13:30:00Z,201.889999389648,203.220001220703,200,201.080001831055,73188600
2025-06-30T13:30:00Z,202.009994506836,207.389999389648,199.259994506836,205.169998168945,91912800
2025-07-01T13:30:00Z,206.669998168945,210.190002441406,206.139999389648,207.820007324219,78788900
2025-07-02T13:30:00Z,208.910003662109,213.339996337891,208.139999389648,212.440002441406,67941800
2025-07-03T13:30:00Z,212.149993896484,214.649993896484,211.809997558594,213.550003051758,34955800
2025-07-07T13:30:00Z,212.679992675781,216.229995727539,208.800003051758,209.949996948242,50229000
2025-07-08T13:30:00Z,210.100006103516,211.429992675781,208.449996948242,210.009994506836,42848900
2025-07-09T13:30:00Z,209.529998779297,211.330001831055,207.220001220703,211.139999389648,48749400
2025-07-10T13:30:00Z,210.509994506836,213.479995727539,210.029998779297,212.410003662109,44443600
2025-07-11T13:30:00Z,210.570007324219,212.130004882813,209.860000610352,211.160003662109,39765800
2025-07-14T13:30:00Z,209.929992675781,210.910003662109,207.539993286133,208.619995117188,38840100
2025-07-15T13:30:00Z,209.220001220703,211.889999389648,208.919998168945,209.110000610352,42296300
2025-07-16T13:30:00Z,210.300003051758,212.399993896484,208.639999389648,210.160003662109,47490500
2025-07-17T13:30:00Z,210.570007324219,211.800003051758,209.589996337891,210.020004272461,48068100
2025-07-18T13:30:00Z,210.869995117188,211.789993286133,209.699996948242,211.179992675781,48974600
2025-07-21T13:30:00Z,212.100006103516,215.779998779297,211.630004882813,212.479995727539,51377400
2025-07-22T13:30:00Z,213.139999389648,214.949996948242,212.229995727539,214.399993896484,46404100
2025-07-23T13:30:00Z,215,215.149993896484,212.410003662109,214.149993896484,46989300
2025-07-24T13:30:00Z,213.899993896484,215.690002441406,213.529998779297,213.759994506836,46022600
2025-07-25T13:30:00Z,214.699996948242,215.240005493164,213.399993896484,213.880004882813,40268800
2025-07-28T13:30:00Z,214.029998779297,214.850006103516,213.059997558594,214.050003051758,37858000
2025-07-29T13:30:00Z,214.179992675781,214.809997558594,210.820007324219,211.270004272461,51411700
2025-07-30T13:30:00Z,211.899993896484,212.389999389648,207.720001220703,209.050003051758,45512500
2025-07-31T13:30:00Z,208.490005493164,209.839996337891,207.160003662109,207.570007324219,80698400
2025-08-01T13:30:00Z,210.869995117188,213.580001831055,201.5,202.380004882813,104434500
2025-08-04T13:30:00Z,204.509994506836,207.880004882813,201.679992675781,203.350006103516,75109300
2025-08-05T13:30:00Z,203.399993896484,205.339996337891,202.160003662109,202.919998168945,44155100
2025-08-06T13:30:00Z,205.630004882813,215.380004882813,205.589996337891,213.25,108483100
2025-08-07T13:30:00Z,218.880004882813,220.850006103516,216.580001831055,220.029998779297,90224800
2025-08-08T13:30:00Z,220.830001831055,231,219.25,229.350006103516,113854000
2025-08-11T13:30:00Z,227.919998168945,229.559997558594,224.759994506836,227.179992675781,61806100
2025-08-12T13:30:00Z,228.009994506836,230.800003051758,227.070007324219,229.649993896484,55626200
2025-08-13T13:30:00Z,231.070007324219,235,230.429992675781,233.330001831055,69878500
2025-08-14T13:30:00Z,234.059997558594,235.119995117188,230.850006103516,232.779998779297,51916300
2025-08-15T13:30:00Z,234,234.279998779297,229.339996337891,231.589996337891,56038700
2025-08-18T13:30:00Z,231.699996948242,233.119995117188,230.110000610352,230.889999389648,37476200
2025-08-19T13:30:00Z,231.279998779297,232.869995117188,229.350006103516,230.559997558594,39402600
2025-08-20T13:30:00Z,229.979995727539,230.470001220703,225.770004272461,226.009994506836,42263900
2025-08-21T13:30:00Z,226.270004272461,226.520004272461,223.779998779297,224.899993896484,30621200
2025-08-22T13:30:00Z,226.169998168945,229.089996337891,225.410003662109,227.759994506836,42477800
2025-08-25T13:30:00Z,226.479995727539,229.300003051758,226.229995727539,227.160003662109,30983100
2025-08-26T13:30:00Z,226.869995117188,229.490005493164,224.690002441406,229.309997558594,54575100
2025-08-27T13:30:00Z,228.610000610352,230.899993896484,228.259994506836,230.490005493164,31259500
2025-08-28T13:30:00Z,230.820007324219,233.410003662109,229.339996337891,232.559997558594,38074700
2025-08-29T13:30:00Z,232.509994506836,233.380004882813,231.369995117188,232.139999389648,39418400
2025-09-02T13:30:00Z,229.25,230.850006103516,226.970001220703,229.720001220703,44075600
2025-09-03T13:30:00Z,237.210006713867,238.850006103516,234.360000610352,238.470001220703,66427800
2025-09-04T13:30:00Z,238.449996948242,239.899993896484,236.740005493164,239.779998779297,47549400
2025-09-05T13:30:00Z,240,241.320007324219,238.490005493164,239.690002441406,54870400
2025-09-08T13:30:00Z,239.300003051758,240.149993896484,236.339996337891,237.880004882813,48999500
2025-09-09T13:30:00Z,237,238.779998779297,233.360000610352,234.350006103516,66313900
2025-09-10T13:30:00Z,232.190002441406,232.419998168945,225.949996948242,226.789993286133,83440800
2025-09-11T13:30:00Z,226.880004882813,230.449996948242,226.649993896484,230.029998779297,50208600
2025-09-12T13:30:00Z,229.220001220703,234.509994506836,229.020004272461,234.070007324219,55824200
2025-09-15T13:30:00Z,237,238.190002441406,235.029998779297,236.699996948242,42699500
2025-09-16T13:30:00Z,237.179992675781,241.220001220703,236.320007324219,238.149993896484,63421100
2025-09-17T13:30:00Z,238.970001220703,240.100006103516,237.729995727539,238.990005493164,46508000
2025-09-18T13:30:00Z,239.970001220703,241.199996948242,236.649993896484,237.880004882813,44249600
2025-09-19T13:30:00Z,241.229995727539,246.300003051758,240.210006713867,245.5,163741300
2025-09-22T13:30:00Z,248.300003051758,256.640014648438,248.119995117188,256.079986572266,105517400
2025-09-23T13:30:00Z,255.880004882813,257.339996337891,253.580001831055,254.429992675781,60275200
2025-09-24T13:30:00Z,255.220001220703,255.740005493164,251.039993286133,252.309997558594,42303700
2025-09-25T13:30:00Z,253.210006713867,257.170013427734,251.710006713867,256.869995117188,55202100
2025-09-26T13:30:00Z,254.100006103516,257.600006103516,253.779998779297,255.460006713867,46076300
2025-09-29T13:30:00Z,254.559997558594,255,253.009994506836,254.429992675781,40127700
2025-09-30T13:30:00Z,254.860000610352,255.919998168945,253.110000610352,254.630004882813,37704300
2025-10-01T13:30:00Z,255.039993286133,258.790008544922,254.929992675781,255.449996948242,48713900
2025-10-02T13:30:00Z,256.579986572266,258.179992675781,254.149993896484,257.130004882813,42630200
2025-10-03T13:30:00Z,254.669998168945,259.239990234375,253.949996948242,258.019989013672,49155600
2025-10-06T13:30:00Z,257.989990234375,259.070007324219,255.050003051758,256.690002441406,44664100
2025-10-07T13:30:00Z,256.809997558594,257.399993896484,255.429992675781,256.480010986328,31955800
2025-10-08T13:30:00Z,256.519989013672,258.519989013672,256.109985351563,258.059997558594,36496900
2025-10-09T13:30:00Z,257.809997558594,258,253.139999389648,254.039993286133,38322000
2025-10-10T13:30:00Z,254.940002441406,256.380004882813,244,245.270004272461,61999100
2025-10-13T13:30:00Z,249.380004882813,249.690002441406,245.559997558594,247.660003662109,38142900
2025-10-14T13:30:00Z,246.600006103516,248.850006103516,244.699996948242,247.770004272461,35478000
2025-10-15T13:30:00Z,249.490005493164,251.820007324219,247.470001220703,249.339996337891,33893600
2025-10-16T13:30:00Z,248.25,249.039993286133,245.130004882813,247.449996948242,39777000
2025-10-17T13:30:00Z,248.020004272461,253.380004882813,247.270004272461,252.289993286133,49147000
2025-10-20T13:30:00Z,255.889999389648,264.380004882813,255.630004882813,262.239990234375,90483000
2025-10-21T13:30:00Z,261.880004882813,265.290008544922,261.829986572266,262.769989013672,46695900
2025-10-22T13:30:00Z,262.649993896484,262.850006103516,255.429992675781,258.450012207031,45015300
2025-10-23T13:30:00Z,259.940002441406,260.619995117188,258.010009765625,259.579986572266,32754900
2025-10-24T13:30:00Z,261.190002441406,264.130004882813,259.179992675781,262.820007324219,38253700
2025-10-27T13:30:00Z,264.880004882813,269.119995117188,264.649993896484,268.809997558594,44888200
2025-10-28T13:30:00Z,268.989990234375,269.890014648438,268.149993896484,269,41534800
2025-10-29T13:30:00Z,269.279998779297,271.410003662109,267.109985351563,269.700012207031,51086700
2025-10-30T13:30:00Z,271.989990234375,274.140014648438,268.480010986328,271.399993896484,69886500
2025-10-31T13:30:00Z,276.989990234375,277.320007324219,269.160003662109,270.369995117188,86167100
2025-11-03T14:30:00Z,270.420013427734,270.850006103516,266.25,269.049987792969,50194600
2025-11-04T14:30:00Z,268.329986572266,271.489990234375,267.619995117188,270.040008544922,49274800
2025-11-05T14:30:00Z,268.609985351563,271.700012207031,266.929992675781,270.140014648438,43683100
2025-11-06T14:30:00Z,267.890014648438,273.399993896484,267.890014648438,269.769989013672,51204000
2025-11-07T14:30:00Z,269.799987792969,272.290008544922,266.769989013672,268.470001220703,48227400
2025-11-10T14:30:00Z,268.959991455078,273.730010986328,267.459991455078,269.429992675781,41312400
2025-11-11T14:30:00Z,269.809997558594,275.910003662109,269.799987792969,275.25,46208300
2025-11-12T14:30:00Z,275,275.730010986328,271.700012207031,273.470001220703,48398000
2025-11-13T14:30:00Z,274.109985351563,276.700012207031,272.089996337891,272.950012207031,49602800
2025-11-14T14:30:00Z,271.049987792969,275.959991455078,269.600006103516,272.410003662109,47431300
2025-11-17T14:30:00Z,268.820007324219,270.489990234375,265.730010986328,267.459991455078,45018300
2025-11-18T14:30:00Z,269.989990234375,270.709991455078,265.320007324219,267.440002441406,45677300
2025-11-19T14:30:00Z,265.529998779297,272.209991455078,265.5,268.559997558594,40424500
2025-11-20T14:30:00Z,270.829986572266,275.429992675781,265.920013427734,266.25,45823600
2025-11-21T14:30:00Z,265.950012207031,273.329986572266,265.670013427734,271.489990234375,59030800
2025-11-24T14:30:00Z,270.899993896484,277,270.899993896484,275.920013427734,65585800
2025-11-25T14:30:00Z,275.269989013672,280.380004882813,275.25,276.970001220703,46914200
2025-11-26T14:30:00Z,276.959991455078,279.529998779297,276.630004882813,277.549987792969,33431400
2025-11-28T14:30:00Z,277.260009765625,279,275.989990234375,278.850006103516,20135600
2025-12-01T14:30:00Z,278.010009765625,283.420013427734,276.140014648438,283.100006103516,46587700
2025-12-02T14:30:00Z,283,287.399993896484,282.630004882813,286.190002441406,53669500
2025-12-03T14:30:00Z,286.200012207031,288.619995117188,283.299987792969,284.149993896484,43538700
2025-12-04T14:30:00Z,284.100006103516,284.730010986328,278.589996337891,280.700012207031,43989100
2025-12-05T14:30:00Z,280.540008544922,281.140014648438,278.049987792969,278.779998779297,47265800
2025-12-08T14:30:00Z,278.130004882813,279.670013427734,276.149993896484,277.890014648438,38211800
2025-12-09T14:30:00Z,278.160003662109,280.029998779297,276.920013427734,277.179992675781,32193300
2025-12-10T14:30:00Z,277.75,279.75,276.440002441406,278.779998779297,33038300
2025-12-11T14:30:00Z,279.100006103516,279.589996337891,273.809997558594,278.029998779297,33248000
2025-12-12T14:30:00Z,277.899993896484,279.220001220703,276.820007324219,278.279998779297,39532900
2025-12-15T14:30:00Z,280.149993896484,280.149993896484,272.839996337891,274.109985351563,50409100
2025-12-16T14:30:00Z,272.820007324219,275.5,271.790008544922,274.609985351563,37648600
2025-12-17T14:30:00Z,275.010009765625,276.160003662109,271.640014648438,271.839996337891,50138700
2025-12-18T14:30:00Z,273.609985351563,273.630004882813,266.950012207031,272.190002441406,51630700
2025-12-19T14:30:00Z,272.149993896484,274.600006103516,269.899993896484,273.670013427734,144632000
2025-12-22T14:30:00Z,272.859985351563,273.880004882813,270.510009765625,270.970001220703,36571800
2025-12-23T14:30:00Z,270.839996337891,272.5,269.559997558594,272.359985351563,29642000
2025-12-24T14:30:00Z,272.339996337891,275.429992675781,272.200012207031,273.809997558594,17910600
2025-12-26T14:30:00Z,274.160003662109,275.369995117188,272.859985351563,273.399993896484,21521800
2025-12-29T14:30:00Z,272.690002441406,274.359985351563,272.350006103516,273.760009765625,23715200
2025-12-30T14:30:00Z,272.809997558594,274.079986572266,272.279998779297,273.079986572266,22139600
2025-12-31T14:30:00Z,273.059997558594,273.679992675781,271.75,271.859985351563,27293600
2026-01-02T14:30:00Z,272.260009765625,277.839996337891,269,271.010009765625,37838100
2026-01-05T14:30:00Z,270.640014648438,271.510009765625,266.140014648438,267.260009765625,45647200
2026-01-06T14:30:00Z,267,267.549987792969,262.119995117188,262.359985351563,52352100
2026-01-07T14:30:00Z,263.200012207031,263.679992675781,259.809997558594,260.329986572266,48309800
2026-01-08T14:30:00Z,257.019989013672,259.290008544922,255.699996948242,259.040008544922,50419300
2026-01-09T14:30:00Z,259.079986572266,260.209991455078,256.220001220703,259.369995117188,39997000
2026-01-12T14:30:00Z,259.160003662109,261.299987792969,256.799987792969,260.25,45263800
2026-01-13T14:30:00Z,258.720001220703,261.809997558594,258.390014648438,261.049987792969,45730800
2026-01-14T14:30:00Z,259.489990234375,261.820007324219,256.709991455078,259.959991455078,40019400
2026-01-15T14:30:00Z,260.649993896484,261.040008544922,257.049987792969,258.209991455078,39388600
2026-01-16T14:30:00Z,257.899993896484,258.899993896484,254.929992675781,255.529998779297,72142800
2026-01-20T14:30:00Z,252.729995727539,254.789993286133,243.419998168945,246.699996948242,80267500
2026-01-21T14:30:00Z,248.699996948242,251.559997558594,245.179992675781,247.649993896484,54641700
2026-01-22T14:30:00Z,249.199996948242,251,248.149993896484,248.350006103516,39708300
2026-01-23T14:30:00Z,247.320007324219,249.410003662109,244.679992675781,248.039993286133,41689000
2026-01-26T14:30:00Z,251.479995727539,256.559997558594,249.800003051758,255.410003662109,55969200
2026-01-27T14:30:00Z,259.170013427734,261.950012207031,258.209991455078,258.269989013672,49648300
2026-01-28T14:30:00Z,257.649993896484,258.859985351563,254.509994506836,256.440002441406,41288000
2026-01-29T14:30:00Z,258,259.649993896484,254.410003662109,258.279998779297,67253000
2026-01-30T14:30:00Z,255.169998168945,261.899993896484,252.179992675781,259.480010986328,92443400
2026-02-02T14:30:00Z,260.029998779297,270.489990234375,259.209991455078,270.010009765625,73913400
2026-02-03T14:30:00Z,269.200012207031,271.880004882813,267.609985351563,269.480010986328,64394700
2026-02-04T14:30:00Z,272.290008544922,278.950012207031,272.290008544922,276.489990234375,90545700
2026-02-05T14:30:00Z,278.130004882813,279.5,273.230010986328,275.910003662109,52977400
2026-02-06T14:30:00Z,277.119995117188,280.910003662109,276.929992675781,278.119995117188,50453400
2026-02-09T14:30:00Z,277.910003662109,278.200012207031,271.700012207031,274.619995117188,44623400
2026-02-10T14:30:00Z,274.890014648438,275.369995117188,272.940002441406,273.679992675781,34376900
2026-02-11T14:30:00Z,274.700012207031,280.179992675781,274.450012207031,275.5,51931300
2026-02-12T14:30:00Z,275.589996337891,275.720001220703,260.179992675781,261.730010986328,81077200
2026-02-13T14:30:00Z,262.010009765625,262.230010986328,255.449996948242,255.779998779297,56290700
2026-02-17T14:30:00Z,258.049987792969,266.290008544922,255.539993286133,263.880004882813,58469100
2026-02-18T14:30:00Z,263.600006103516,266.820007324219,262.450012207031,264.350006103516,34203300
2026-02-19T14:30:00Z,262.600006103516,264.480010986328,260.049987792969,260.579986572266,30845300
2026-02-20T14:30:00Z,258.970001220703,264.75,258.160003662109,264.579986572266,42070500
2026-02-23T14:30:00Z,263.489990234375,269.429992675781,263.380004882813,266.179992675781,37308200
2026-02-24T14:30:00Z,267.859985351563,274.890014648438,267.709991455078,272.140014648438,47014600
2026-02-25T14:30:00Z,271.779998779297,274.940002441406,271.049987792969,274.230010986328,33714300
2026-02-26T14:30:00Z,274.950012207031,276.109985351563,270.799987792969,272.950012207031,32345100
2026-02-27T14:30:00Z,272.809997558594,272.809997558594,262.890014648438,264.179992675781,72366500
2026-03-02T14:30:00Z,262.410003662109,266.529998779297,260.200012207031,264.720001220703,41827900
2026-03-03T14:30:00Z,263.480010986328,265.559997558594,260.130004882813,263.75,38568900
2026-03-04T14:30:00Z,264.649993896484,266.149993896484,261.420013427734,262.519989013672,39803100
2026-03-05T14:30:00Z,260.790008544922,261.559997558594,257.25,260.290008544922,49658600
2026-03-06T14:30:00Z,258.630004882813,258.769989013672,254.369995117188,257.459991455078,41120000
2026-03-09T13:30:00Z,255.690002441406,261.149993896484,253.679992675781,259.880004882813,38218500
2026-03-10T13:30:00Z,257.649993896484,262.480010986328,256.950012207031,260.829986572266,30590800
2026-03-11T13:30:00Z,261.089996337891,262.130004882813,259.549987792969,260.809997558594,26218900
2026-03-12T13:30:00Z,258.660003662109,258.950012207031,254.179992675781,255.759994506836,40794000
2026-03-13T13:30:00Z,255.479995727539,256.329986572266,249.520004272461,250.119995117188,36930000
2026-03-16T13:30:00Z,252.110000610352,253.889999389648,249.880004882813,252.820007324219,32074200
2026-03-17T13:30:00Z,252.960006713867,255.130004882813,252.179992675781,254.229995727539,32361600
2026-03-18T13:30:00Z,252.630004882813,254.940002441406,249,249.940002441406,35757900
2026-03-19T13:30:00Z,249.399993896484,251.830001831055,247.300003051758,248.960006713867,34864100
2026-03-20T13:30:00Z,247.979995727539,249.199996948242,246,247.990005493164,88331100
2026-03-23T13:30:00Z,253.970001220703,254.600006103516,250.279998779297,251.490005493164,40546100
2026-03-24T13:30:00Z,250.350006103516,254.830001831055,249.550003051758,251.639999389648,45152300
2026-03-25T13:30:00Z,254.100006103516,255,251.600006103516,252.619995117188,28476700
2026-03-26T13:30:00Z,252.119995117188,257,250.770004272461,252.889999389648,41796700
2026-03-27T13:30:00Z,253.899993896484,255.490005493164,248.070007324219,248.800003051758,47900000
2026-03-30T13:30:00Z,250.070007324219,250.869995117188,245.509994506836,246.630004882813,39446200
2026-03-31T13:30:00Z,247.910003662109,255.479995727539,247.100006103516,253.789993286133,49598100
2026-04-01T13:30:00Z,254.080001831055,256.179992675781,253.330001831055,255.630004882813,40059400
2026-04-02T13:30:00Z,254.199996948242,256.130004882813,250.649993896484,255.919998168945,31289400
2026-04-06T13:30:00Z,256.510009765625,262.160003662109,256.459991455078,258.859985351563,29329900
2026-04-07T13:30:00Z,256.160003662109,256.200012207031,245.699996948242,253.5,62148000
2026-04-08T13:30:00Z,258.450012207031,259.75,256.529998779297,258.899993896484,41032800
2026-04-09T13:30:00Z,259,261.119995117188,256.070007324219,260.489990234375,28121600
2026-04-10T13:30:00Z,259.980010986328,262.190002441406,259.019989013672,260.480010986328,31291500
2026-04-13T13:30:00Z,259.730010986328,260.179992675781,256.660003662109,259.200012207031,36234700
2026-04-14T13:30:00Z,259.25,261.929992675781,257.190002441406,258.829986572266,48370700
2026-04-15T13:30:00Z,258.160003662109,266.559997558594,257.809997558594,266.429992675781,49913500
2026-04-16T13:30:00Z,266.799987792969,267.160003662109,261.269989013672,263.399993896484,43323100
2026-04-17T13:30:00Z,266.959991455078,272.299987792969,266.720001220703,270.230010986328,61436200
2026-04-20T13:30:00Z,270.329986572266,274.279998779297,270.290008544922,273.049987792969,36472700
2026-04-21T13:30:00Z,271.445007324219,272.799987792969,265.399993896484,268.118988037109,32791504
